0
5
6
7
8
10
11
12
13
14
15
16
17
18
19
20
21
22
23
24
25
26
27
28
29
30
31
32
33
34
35
36
37
38
39
40
41
42
43
44
45
46
47
48
49
50
51
52
53
54
55
56
57
58
60
61
62
63
64
66
67
68
69
70
71
72
73
74
75
76
77
78
79
80
81
82
83
84
85
86
87
88
89
90
91
92
93
94
95
96
97
98
99
100
101
102
103
104
105
106
107
108
109
110
111
112
113
114
115
116
117
118
119
120
121
122
123
124
125
126
127
128
129
130
131
132
133
134
135
136
137
138
139
140
141
142
144
145
146
147
148
149
150
151
152
153
154
155
156
157
158
159
160
161
162
163
164
165
166
167
168
169
170
171
172
173
174
175
176
177
178
179
180
181
182
183
184
185
186
188
189
190
191
192
194
196
197
198
199
200
201
202
203
204
205
206
207
208
209
210
211
212
213
214
215
216
217
218
219
220
221
222
223
224
225
226
227
228
229
230
231
232
233
234
236
237
238
239
240
241
242
244
245
246
247
248
249
250
251
252
253
254
255
256
257
258
259
260
262
263
264
265
266
267
268
269
270
272
273
274
275
276
277
278
279
280
281
282
283
284
285
286
287
288
289
290
291
294
295
296
297
298
299
300
301
302
303
304
305
306
307
308
309
310
311
312
313
314
315
316
318
319
320
321
323
324
325
326
327
328
329
330
331
332
333
334
335
336
337
338
340
341
342
343
344
345
346
348
349
350
351
352
353
355
356
357
358
359
360
361
362
363
364
365
366
367
368
370
372
374
375
376
377
378
379
380
382
383
384
385
386
387
388
389
390
391
392
393
394
396
399
400
401
402
403
404
405
406
412
414
415
416
418
419
420
422
423
424
425
427
428
429
430
431
432
433
434
435
436
437
438
439
440
441
442
445
446
449
450
451
452
453
454
456
460
462
464
465
466
468
469
470
471
472
474
476
478
479
480
482
483
484
487
488
489
490
491
492
493
494
495
496
497
498
500
502
503
504
506
507
508
509
510
512
513
515
516
518
520
524
528
530
532
537
540
541
542
546
548
550
552
554
556
564
567
570
572
574
575
576
578
579
580
581
582
583
584
585
590
592
594
597
598
600
602
606
607
608
611
612
614
620
622
624
626
628
631
633
634
635
636
638
639
640
643
644
645
646
648
650
652
654
656
660
662
664
665
668
672
673
674
678
680
683
684
686
688
689
690
691
692
695
696
698
699
702
704
706
708
710
712
714
715
716
720
722
726
730
731
732
734
735
736
737
740
741
742
744
748
750
753
754
756
758
764
766
767
768
770
772
776
778
780
781
784
786
788
790
792
793
796
798
802
804
810
816
820
822
824
825
828
830
831
832
833
834
836
839
842
844
846
848
849
852
854
856
858
860
862
863
864
866
868
870
872
876
880
882
884
885
886
888
892
894
898
902
904
908
910
912
915
924
926
928
930
940
942
944
948
952
957
960
970
972
976
980
984
986
988
992
996
999
1000
1002
1008
1020
1024
1028
1029
1030
1034
1040
1048
1063
1064
1068
1086
1088
1092
1094
1095
1101
1103
1104
1107
1112
1116
1120
1122
1125
1126
1128
1130
1134
1135
1136
1147
1152
1166
1167
1168
1170
1172
1176
1182
1210
1224
1226
1228
1230
1236
1239
1240
1255
1260
1263
1278
1294
1329
1348
1358
1359
1360
1376
1380
1388
1396
1400
1408
1416
1420
1428
1436
1440
1444
1452
1456
1472
1482
1492
1496
1498
1504
1516
1518
1540
1548
1572
1594
1608
1616
1620
1624
1632
1660
1676
1683
1684
1692
1696
1720
1724
1752
1760
1788
1792
1794
1796
1824
1836
1844
1868
1872
1890
1896
1904
1952
1996
2000
2004
2012
2024
2048
2060
2070
2094
2115
2156
2166
2250
2392
2404
2462
2476
2490
2496
2508
2524
2648
2904
3012
3120
3192
3248
3312
3315
3792
3880
3930
4240
4332
4746
5808
5820
8184
8337